1 上课 “种门是原神理论的抽象” 20 5 -5 0 0 0
2 上课 敬请欣赏郭神的摔杯子表演 20 4 -3 1 0 0 
3 上课 学到了狄利克雷判别法和阿贝尔判别法，前面忘了，后面忘了 20 6 -6 0 0 0
4 上课 选基础不玩王者，就像选引论不玩原神，都会度过一段相对失败的人生 20 3 -4 0 0 0
5 上课 睡了一觉，啥也没听 40 -5 8 0 0 0
6 写作业 这高数题怎么这么难算啊，卡在这一个小时了 20 5 -4 0 0 0
7 写作业 debug半天才发现是一个for循环的i--写成了i++ 20 2 -4 0 0 0
8 日常 悲催的85公里人在五四阴暗地爬行  10 0 -15 0 0 -1
9 日常 去百讲看电影，电影很精彩，老师的点评也让你受益匪浅 20 3 -5 -4 0 0
10 日常 去做了一次家教，感觉挺有意思的，下次还去 10 5 -10 10 0 0
11 日常 和父母视频聊天，最后他们询问要不要转钱，你欣然接受 10 2 -1 0 20 0
12 日常 五四原神主题夜奔，鼓起勇气集邮，收获了很多有趣的照片 10 2 -6 0 0 0
13 午休 梦中突然想到了一道题的绝妙思路，遂惊坐起，完成了那道难题 10 6 -5 0 0 0
14 午休 一觉醒来发现已经是下午四点半，睡过了下午的史纲 10 -5 6 0 0 0
15 吃饭 今天吃勺园香锅，阿姨少抓点，谢谢……少抓点，谢谢…… 20 0 6 -3 0 0 
16 吃饭 在家三使用bfs,dfs,一致代价寻找座位 10 8 -5 0 -50 0
17 吃饭 被游客借饭卡，终究没有勇气拒绝 10 0 -3 0 100 0
18 吃饭 被游客借饭卡，鼓起勇气说出：不！ 5 5 8 0 0 0
19 吃饭 在食堂偶遇很久没见的老同学，饭后去校园散步叙旧 20 0 -2 0 0 0
20 吃饭 今天是星期四！CRAZYTHURSDAY！ 10 0 10 -5 0 0
21 娱乐 又又又又又性歌了！ 10 0 -2 0 0 0
22 娱乐 PURE_MEMORY! 2 1 5 0 0 0
23 娱乐 十连双黄！吃点好的！ 1 0 5 0 -100 0
24 娱乐 在提瓦特世界研究线性代数和几何学 10 3 7 -8 0 0
25 娱乐 博士，今天的任务还没有完成，还不能休息哟 10 0 5 -3 0 0
 

101 稀有：新生舞会 茶歇很好吃，抽奖很有趣，归来仍是单身 1 -3 10 5 0 0
102 稀有：赶魔兽DDL 我能不能拿个炸弹跟出题人爆了 1 12 -6 0 0 0
103 稀有：帮亲戚找文献 亲戚需要一些文献资料用于研究，但没有时间，遂找你帮忙，并给了打工费 1 4 -10 15 0 0
104 稀有：参加程设cpc比赛 没想到比预料中多做出了几道题，得到了更好的奖品 1 10 -10 4 0 0
105 稀有：参加鹰趴 和可爱的战鹰姐姐合影留念 1 5 5 -5 0 0 
106 稀有：参加招生工作 可爱的学弟学妹快来北大让我吃吃 1 5 -5 5 0 0




999
