1 上课 “种门是原神理论的抽象” 20 5 -5 0 0 0
2 上课 敬请欣赏郭神的摔杯子表演 20 4 -3 1 0 0 
3 上课 学到了狄利克雷判别法和阿贝尔判别法，前面忘了，后面忘了 20 6 -6 0 0 0
4 上课 选基础不玩王者，就像选引论不玩原神，都会度过一段相对失败的人生 20 3 -4 0 0 0
5 上课 睡了一觉，啥也没听 40 -5 8 0 0 0
6 吃饭 今天吃勺园香锅，阿姨少抓点，谢谢……少抓点，谢谢…… 20 0 6 -3 0 0 
7 吃饭 在食堂偶遇很久没见的老同学，饭后去校园散步叙旧 20 0 -2 0 0 0
8 写作业 这高数题怎么这么难算啊，卡在这一个小时了 20 5 -4 0 0 0
9 写作业 debug半天才发现是一个for循环的i--写成了i++ 20 2 -4 0 0 0
10 日常 去做了一次家教，感觉挺有意思的，下次还去 10 5 -10 10 0 0
11 日常 和父母视频聊天，最后他们询问要不要转钱，你欣然接受 10 2 -1 0 20 0
12 午休 一觉醒来发现已经是下午四点半，睡过了下午的史纲 10 -5 6 0 0 0
13 午休 梦中突然想到了一道题的绝妙思路，遂惊坐起，完成了那道难题 10 6 -5 0 0 0
14 日常 去百讲看电影，电影很精彩，老师的点评也让你受益匪浅 20 3 -5 -4 0 0
15 日常 五四原神主题夜奔，鼓起勇气集邮，收获了很多有趣的照片 10 2 -6 0 0 0


101 稀有：新生舞会 茶歇很好吃，抽奖很有趣，归来仍是单身 1 -3 10 5 0 0
102 稀有：赶魔兽DDL 我能不能拿个炸弹跟出题人爆了 1 12 -6 0 0 0
103 稀有：帮亲戚找文献 亲戚需要一些文献资料用于研究，但没有时间，遂找你帮忙，并给了打工费 1 4 -10 15 0 0
104 稀有：参加了程设cpc比赛，没想到比预料中多做出了几道题，得到了更好的奖品 1 10 -10 4 0 0



201 家三找座 卷怪自习，线虫团建，情侣腻歪，这就是家三 1 0 -5 0 -50 0
202 被借饭卡 嘴边的不字终究还是没能说出口 1 0 -10 0 100 0
203 五四跑步 我为什么会在跑步？85公里要跑不完了啊！！！ 1 0 -25 0 0 -1


999
